# relative_time, cycles_done, cur_item, corpus_count, pending_total, pending_favs, map_size, saved_crashes, saved_hangs, max_depth, execs_per_sec, total_execs, edges_found, total_crashes, servers_count
61, 0, 17, 181, 166, 68, 19.80%, 9, 0, 3, 764.57, 45807, 609, 9, 0
66, 0, 17, 184, 169, 68, 19.93%, 9, 0, 3, 754.99, 49683, 613, 9, 0
71, 0, 17, 185, 170, 68, 20.03%, 9, 0, 3, 762.85, 53605, 616, 9, 0
76, 0, 26, 186, 167, 81, 20.06%, 9, 0, 3, 776.94, 57592, 617, 9, 0
83, 0, 51, 187, 162, 75, 20.06%, 10, 0, 3, 772.89, 62449, 617, 10, 0
88, 0, 162, 193, 165, 72, 20.09%, 10, 0, 4, 784.23, 66386, 618, 10, 0
93, 0, 162, 194, 166, 72, 20.09%, 10, 0, 4, 797.61, 70518, 618, 10, 0
98, 0, 162, 195, 167, 72, 20.16%, 10, 0, 4, 805.08, 74613, 620, 10, 0
104, 0, 70, 196, 161, 68, 20.19%, 10, 0, 4, 808.43, 79178, 621, 10, 0
109, 0, 96, 201, 152, 54, 20.19%, 10, 0, 4, 780.57, 83180, 621, 10, 0
114, 0, 96, 206, 157, 54, 20.35%, 10, 0, 4, 703.85, 85909, 626, 10, 0
119, 0, 96, 209, 160, 54, 20.42%, 10, 0, 4, 721.97, 89542, 628, 10, 0
124, 0, 96, 210, 161, 54, 20.42%, 10, 0, 4, 728.04, 93343, 628, 10, 0
129, 0, 96, 212, 163, 54, 20.51%, 10, 0, 4, 705.79, 96899, 631, 10, 0
134, 0, 96, 212, 163, 54, 20.51%, 10, 0, 4, 707.81, 100469, 631, 10, 0
140, 0, 96, 212, 163, 54, 20.51%, 10, 0, 4, 726.50, 104277, 631, 10, 0
145, 0, 96, 215, 166, 54, 20.64%, 10, 0, 4, 717.92, 107882, 635, 10, 0
150, 0, 96, 216, 167, 54, 20.84%, 10, 0, 4, 720.25, 111641, 641, 10, 0
155, 0, 96, 216, 167, 54, 20.84%, 10, 0, 4, 712.68, 115211, 641, 10, 0
160, 0, 96, 216, 167, 54, 20.84%, 10, 0, 4, 713.96, 118823, 641, 10, 0
165, 0, 96, 217, 168, 54, 20.90%, 10, 0, 4, 723.67, 122442, 643, 10, 0
170, 0, 110, 217, 165, 62, 20.90%, 10, 0, 4, 745.59, 126312, 643, 10, 0
176, 0, 119, 219, 158, 53, 20.94%, 10, 0, 4, 761.22, 130743, 644, 10, 0
181, 0, 131, 224, 156, 49, 21.00%, 10, 0, 4, 779.64, 134612, 646, 10, 0
186, 0, 131, 235, 167, 49, 21.33%, 10, 0, 4, 792.58, 138712, 656, 10, 0
191, 0, 133, 235, 166, 50, 21.33%, 10, 0, 4, 799.50, 143058, 656, 10, 0
196, 0, 135, 263, 193, 49, 21.98%, 10, 0, 4, 784.29, 147006, 676, 10, 0
201, 0, 135, 266, 196, 49, 22.04%, 10, 0, 4, 781.43, 150957, 678, 10, 0
207, 0, 135, 267, 197, 49, 22.04%, 10, 0, 4, 788.21, 154924, 678, 10, 0
207, 0, 135, 267, 197, 49, 22.04%, 10, 0, 4, 789.06, 155571, 678, 10, 0
